trade_date,symbol,asset_type,series,isin,open,high,low,close,prev_close,volume,traded_value
2026-09-25,Nifty Private Bank,INDEX,,,26748.85,26949.75,26738.6,26883.2,,127739277.0,
2026-09-24,Nifty Private Bank,INDEX,,,26946.6,27027.9,26712.45,26763.95,,243249880.0,
2026-09-23,Nifty Private Bank,INDEX,,,27303.7,27469.15,27296.1,27363.35,,202785275.0,
2026-09-22,Nifty Private Bank,INDEX,,,27367.75,27491.8,27254.95,27286.0,,128605481.0,
2026-09-21,Nifty Private Bank,INDEX,,,27323.6,27491.75,27295.4,27370.1,,148545095.0,
2026-09-18,Nifty Private Bank,INDEX,,,27216.85,27408.75,27208.3,27290.0,,213940208.0,
2026-09-17,Nifty Private Bank,INDEX,,,27205.95,27379.25,27165.95,27169.2,,147912225.0,
2026-09-16,Nifty Private Bank,INDEX,,,27189.1,27339.15,27055.05,27284.25,,288940418.0,
2026-09-15,Nifty Private Bank,INDEX,,,27605.45,27633.95,27069.8,27069.8,,217364651.0,
2026-09-11,Nifty Private Bank,INDEX,,,27053.2,27473.2,26947.7,27436.0,,341204168.0,
2026-09-10,Nifty Private Bank,INDEX,,,27199.5,27319.3,27193.5,27305.9,,133080849.0,
2026-09-09,Nifty Private Bank,INDEX,,,27347.15,27458.5,27214.3,27214.3,,149684072.0,
2026-09-08,Nifty Private Bank,INDEX,,,27692.95,27722.3,27464.65,27474.7,,125827852.0,
2026-09-07,Nifty Private Bank,INDEX,,,27788.55,27816.85,27697.75,27745.75,,88219596.0,
2026-09-04,Nifty Private Bank,INDEX,,,27795.25,27932.5,27734.0,27824.5,,97652727.0,
2026-09-03,Nifty Private Bank,INDEX,,,27783.5,27962.8,27747.85,27747.85,,187684232.0,
2026-09-02,Nifty Private Bank,INDEX,,,27555.5,27639.2,27501.15,27606.8,,141455953.0,
2026-09-01,Nifty Private Bank,INDEX,,,27778.45,27941.35,27653.35,27762.1,,156391747.0,
2026-08-31,Nifty Private Bank,INDEX,,,27672.35,28005.75,27659.05,28005.75,,258034708.0,
2026-08-28,Nifty Private Bank,INDEX,,,27714.8,27798.4,27624.25,27737.2,,133947333.0,
2026-08-27,Nifty Private Bank,INDEX,,,27820.4,27924.95,27715.85,27758.55,,160873950.0,
2026-08-26,Nifty Private Bank,INDEX,,,27495.1,27802.15,27481.9,27732.85,,127897866.0,
2026-08-25,Nifty Private Bank,INDEX,,,27407.35,27530.7,27333.1,27447.45,,138708634.0,
2026-08-24,Nifty Private Bank,INDEX,,,27644.6,27682.6,27381.25,27501.8,,110662560.0,
2026-08-21,Nifty Private Bank,INDEX,,,27517.2,27646.6,27461.05,27590.65,,110509933.0,
2026-08-20,Nifty Private Bank,INDEX,,,27346.7,27516.95,27331.3,27449.3,,103148952.0,
2026-08-19,Nifty Private Bank,INDEX,,,27250.5,27309.4,27092.25,27207.7,,108318541.0,
2026-08-18,Nifty Private Bank,INDEX,,,27224.7,27342.9,27203.5,27247.9,,105849969.0,
2026-08-17,Nifty Private Bank,INDEX,,,27227.3,27459.05,27154.45,27311.05,,105846790.0,
2026-08-14,Nifty Private Bank,INDEX,,,27223.2,27296.3,27161.15,27247.25,,95320643.0,
2026-08-13,Nifty Private Bank,INDEX,,,27350.9,27350.9,27213.55,27260.55,,104861526.0,
2026-08-12,Nifty Private Bank,INDEX,,,27345.55,27431.45,27224.9,27408.4,,151659807.0,
2026-08-11,Nifty Private Bank,INDEX,,,27475.9,27480.7,27237.2,27380.35,,103300043.0,
2026-08-10,Nifty Private Bank,INDEX,,,27374.8,27554.45,27329.85,27534.3,,114223176.0,
2026-08-07,Nifty Private Bank,INDEX,,,27597.25,27656.4,27357.25,27392.35,,98857440.0,
2026-08-06,Nifty Private Bank,INDEX,,,27786.5,27803.85,27652.4,27679.9,,159377572.0,
2026-08-05,Nifty Private Bank,INDEX,,,27779.7,27840.0,27569.05,27744.25,,194071372.0,
2026-08-04,Nifty Private Bank,INDEX,,,27918.7,27918.7,27548.05,27860.45,,129346441.0,
2026-08-03,Nifty Private Bank,INDEX,,,27666.8,28045.15,27592.35,28045.15,,102689716.0,
2026-07-31,Nifty Private Bank,INDEX,,,27525.95,27634.05,27467.8,27522.65,,120243802.0,
2026-07-30,Nifty Private Bank,INDEX,,,27476.8,27564.85,27353.35,27515.0,,175929829.0,
2026-07-29,Nifty Private Bank,INDEX,,,27453.05,27608.85,27360.0,27563.45,,145564370.0,
2026-07-28,Nifty Private Bank,INDEX,,,27273.0,27423.8,27230.9,27282.7,,218378418.0,
2026-07-27,Nifty Private Bank,INDEX,,,27459.45,27536.6,27307.75,27393.35,,317162518.0,
2026-07-24,Nifty Private Bank,INDEX,,,27068.6,27369.75,27014.6,27277.55,,164047651.0,
2026-07-23,Nifty Private Bank,INDEX,,,27321.6,27431.2,27196.35,27281.3,,196275011.0,
2026-07-22,Nifty Private Bank,INDEX,,,27808.1,27872.8,27433.65,27493.45,,403631072.0,
2026-07-21,Nifty Private Bank,INDEX,,,27818.6,27952.5,27797.8,27881.4,,215285798.0,
2026-07-20,Nifty Private Bank,INDEX,,,27917.9,28043.45,27706.75,27861.75,,324818351.0,
2026-07-17,Nifty Private Bank,INDEX,,,27957.2,28567.65,27907.95,28508.5,,202750908.0,
2026-07-16,Nifty Private Bank,INDEX,,,28034.15,28060.4,27830.95,27915.6,,159526366.0,
2026-07-15,Nifty Private Bank,INDEX,,,28015.05,28259.1,27885.7,28002.5,,138311963.0,
2026-07-14,Nifty Private Bank,INDEX,,,28020.4,28023.45,27795.1,27915.95,,153873139.0,
2026-07-13,Nifty Private Bank,INDEX,,,27900.8,28196.6,27838.55,28154.1,,135998348.0,
2026-07-10,Nifty Private Bank,INDEX,,,27914.95,28158.1,27911.55,28083.95,,144042998.0,
2026-07-09,Nifty Private Bank,INDEX,,,27660.6,27896.2,27655.8,27762.8,,166893030.0,
2026-07-08,Nifty Private Bank,INDEX,,,28204.9,28259.45,27534.3,27591.65,,210778646.0,
2026-07-07,Nifty Private Bank,INDEX,,,28498.35,28501.65,28256.6,28305.35,,206178612.0,
2026-07-06,Nifty Private Bank,INDEX,,,28207.4,28428.9,28171.8,28347.25,,237691987.0,
2026-07-03,Nifty Private Bank,INDEX,,,28402.4,28408.25,28173.45,28215.45,,188283885.0,
2026-07-02,Nifty Private Bank,INDEX,,,28202.8,28372.4,28101.1,28215.45,,163520901.0,
2026-07-01,Nifty Private Bank,INDEX,,,27949.15,28239.25,27915.85,28177.75,,190506447.0,
2026-06-30,Nifty Private Bank,INDEX,,,28178.55,28190.9,27862.2,27929.15,,320489580.0,
2026-06-29,Nifty Private Bank,INDEX,,,28330.4,28377.55,28007.5,28050.15,,395934435.0,
2026-06-25,Nifty Private Bank,INDEX,,,28433.05,28601.3,28283.9,28322.6,,233243833.0,
2026-06-24,Nifty Private Bank,INDEX,,,27720.75,28316.3,27710.65,28276.8,,231983689.0,
2026-06-23,Nifty Private Bank,INDEX,,,27924.05,28106.8,27695.5,27762.6,,201847170.0,
2026-06-22,Nifty Private Bank,INDEX,,,28007.65,28048.2,27939.6,27977.95,,244761619.0,
2026-06-19,Nifty Private Bank,INDEX,,,27927.2,27966.7,27805.8,27892.05,,246466981.0,
2026-06-18,Nifty Private Bank,INDEX,,,27862.4,28055.2,27861.5,28031.35,,346387800.0,
2026-06-17,Nifty Private Bank,INDEX,,,27964.35,28022.4,27846.75,27893.3,,493816444.0,
2026-06-16,Nifty Private Bank,INDEX,,,27841.2,27939.1,27740.85,27916.9,,333605302.0,
2026-06-15,Nifty Private Bank,INDEX,,,28036.5,28114.4,27739.55,27811.6,,301150152.0,
2026-06-12,Nifty Private Bank,INDEX,,,27216.0,27684.8,27099.5,27649.7,,244867262.0,
2026-06-11,Nifty Private Bank,INDEX,,,26608.8,27197.0,26589.1,26886.3,,231708819.0,
2026-06-10,Nifty Private Bank,INDEX,,,26471.3,26952.9,26470.6,26740.3,,242718185.0,
2026-06-09,Nifty Private Bank,INDEX,,,26247.1,26615.4,26217.15,26549.8,,255977978.0,
2026-06-08,Nifty Private Bank,INDEX,,,26000.55,26287.45,25996.9,26122.4,,223716013.0,
2026-06-05,Nifty Private Bank,INDEX,,,26288.25,26427.65,26137.55,26299.25,,248416040.0,
2026-06-04,Nifty Private Bank,INDEX,,,26037.0,26341.8,26030.7,26238.5,,202636948.0,
2026-06-03,Nifty Private Bank,INDEX,,,25908.2,26260.55,25733.15,26193.4,,242500684.0,
2026-06-02,Nifty Private Bank,INDEX,,,25850.6,26161.35,25818.35,26011.3,,313914113.0,
2026-06-01,Nifty Private Bank,INDEX,,,26386.45,26465.95,25984.75,26068.0,,250929027.0,
2026-05-29,Nifty Private Bank,INDEX,,,26552.05,26840.6,26256.05,26326.4,,884614407.0,
2026-05-27,Nifty Private Bank,INDEX,,,26705.15,26836.75,26566.65,26638.8,,220662514.0,
2026-05-26,Nifty Private Bank,INDEX,,,26909.4,27023.1,26714.4,26760.8,,247657965.0,
2026-05-25,Nifty Private Bank,INDEX,,,26639.75,26978.3,26626.8,26927.1,,185030904.0,
2026-05-22,Nifty Private Bank,INDEX,,,26000.8,26462.75,26000.8,26376.2,,175382169.0,
2026-05-21,Nifty Private Bank,INDEX,,,26199.6,26268.85,25826.85,25990.05,,225698281.0,
2026-05-20,Nifty Private Bank,INDEX,,,25768.0,26063.6,25690.55,26029.5,,153230346.0,
2026-05-19,Nifty Private Bank,INDEX,,,26124.65,26241.4,25922.1,25965.5,,208417600.0,
2026-05-18,Nifty Private Bank,INDEX,,,25892.4,26224.95,25731.6,26159.95,,203993266.0,
2026-05-15,Nifty Private Bank,INDEX,,,26213.45,26399.55,26027.35,26100.1,,214805686.0,
2026-05-14,Nifty Private Bank,INDEX,,,25916.35,26304.85,25720.1,26155.6,,238972950.0,
2026-05-13,Nifty Private Bank,INDEX,,,25903.35,26206.55,25777.25,25854.6,,230539871.0,
2026-05-12,Nifty Private Bank,INDEX,,,26229.25,26290.4,25838.9,25891.6,,285771029.0,
2026-05-11,Nifty Private Bank,INDEX,,,26318.65,26614.65,26214.85,26357.25,,327022578.0,
2026-05-08,Nifty Private Bank,INDEX,,,26642.0,26649.25,26414.95,26561.7,,319875897.0,
2026-05-07,Nifty Private Bank,INDEX,,,26731.35,26919.85,26627.95,26781.85,,385898587.0,
2026-05-06,Nifty Private Bank,INDEX,,,26295.2,26766.95,26036.05,26700.75,,554660036.0,
2026-05-05,Nifty Private Bank,INDEX,,,26141.9,26239.05,25961.95,26070.5,,297123897.0,
2026-05-04,Nifty Private Bank,INDEX,,,26274.7,26513.45,26130.65,26247.3,,267473077.0,
2026-04-30,Nifty Private Bank,INDEX,,,26240.4,26406.7,26048.05,26281.75,,251019651.0,
2026-04-29,Nifty Private Bank,INDEX,,,26513.6,26830.8,26377.95,26514.6,,390416908.0,
2026-04-28,Nifty Private Bank,INDEX,,,26541.45,26788.15,26326.3,26399.25,,205253319.0,
2026-04-27,Nifty Private Bank,INDEX,,,26662.4,26798.4,26556.7,26727.2,,201862916.0,
2026-04-24,Nifty Private Bank,INDEX,,,26762.6,26912.4,26582.95,26717.3,,181066943.0,
2026-04-23,Nifty Private Bank,INDEX,,,26887.55,27084.0,26799.95,26845.55,,216014425.0,
2026-04-22,Nifty Private Bank,INDEX,,,27255.9,27366.65,27137.9,27200.55,,193675474.0,
2026-04-21,Nifty Private Bank,INDEX,,,27121.95,27436.65,27053.7,27401.05,,215189630.0,
2026-04-20,Nifty Private Bank,INDEX,,,27168.25,27230.85,26943.2,26995.4,,511372313.0,
2026-04-17,Nifty Private Bank,INDEX,,,26872.65,27137.45,26758.75,27087.45,,236231929.0,
2026-04-16,Nifty Private Bank,INDEX,,,27175.25,27262.1,26808.8,26877.4,,327740649.0,
2026-04-15,Nifty Private Bank,INDEX,,,26994.0,27220.65,26913.0,27029.65,,201991691.0,
2026-04-13,Nifty Private Bank,INDEX,,,26232.6,26785.65,26141.05,26702.45,,222182568.0,
2026-04-10,Nifty Private Bank,INDEX,,,26411.75,26858.05,26398.3,26779.95,,210504652.0,
2026-04-09,Nifty Private Bank,INDEX,,,26582.6,26642.1,26158.45,26259.75,,212356807.0,
2026-04-08,Nifty Private Bank,INDEX,,,26369.1,26750.3,26273.95,26727.8,,343434660.0,
2026-04-07,Nifty Private Bank,INDEX,,,25044.45,25357.0,24879.6,25321.15,,212519816.0,
2026-04-06,Nifty Private Bank,INDEX,,,24739.8,25246.8,24458.45,25197.8,,281371792.0,
2026-04-02,Nifty Private Bank,INDEX,,,24198.1,24760.95,23957.45,24665.75,,252892276.0,
2026-04-01,Nifty Private Bank,INDEX,,,24623.85,24843.15,24491.55,24569.8,,288038026.0,
2026-03-30,Nifty Private Bank,INDEX,,,24632.95,24696.8,24055.6,24144.85,,449809469.0,
2026-03-27,Nifty Private Bank,INDEX,,,25296.15,25325.65,24953.65,24986.7,,454668579.0,
2026-03-25,Nifty Private Bank,INDEX,,,25202.15,25728.0,25202.15,25498.75,,270871045.0,
2026-03-24,Nifty Private Bank,INDEX,,,24832.2,25182.65,24624.5,25046.25,,254644411.0,
2026-03-23,Nifty Private Bank,INDEX,,,24893.7,24944.7,24384.45,24436.9,,328918036.0,
2026-03-20,Nifty Private Bank,INDEX,,,25403.0,25712.45,25207.75,25267.65,,315685674.0,
2026-03-19,Nifty Private Bank,INDEX,,,25399.1,25746.4,25315.3,25399.65,,343326487.0,
2026-03-18,Nifty Private Bank,INDEX,,,26073.6,26413.85,25959.05,26295.9,,171639793.0,
2026-03-17,Nifty Private Bank,INDEX,,,25924.95,26121.0,25717.2,26066.2,,222734769.0,
2026-03-16,Nifty Private Bank,INDEX,,,25504.8,25950.2,25284.7,25825.15,,335727208.0,
2026-03-13,Nifty Private Bank,INDEX,,,25806.15,25866.65,25424.85,25510.0,,264360436.0,
2026-03-12,Nifty Private Bank,INDEX,,,26119.4,26318.0,26004.85,26056.65,,245755652.0,
2026-03-11,Nifty Private Bank,INDEX,,,26998.5,27082.95,26410.4,26480.15,,215638008.0,
2026-03-10,Nifty Private Bank,INDEX,,,26885.75,27189.3,26782.2,27134.3,,273011090.0,
2026-03-09,Nifty Private Bank,INDEX,,,26653.4,26804.1,26329.85,26657.15,,273698935.0,
2026-03-06,Nifty Private Bank,INDEX,,,27834.5,27949.6,27376.75,27418.6,,186593220.0,
2026-03-05,Nifty Private Bank,INDEX,,,28019.1,28169.0,27841.45,28054.05,,200324723.0,
2026-03-04,Nifty Private Bank,INDEX,,,27638.55,28088.75,27622.9,27929.1,,260500196.0,
2026-03-02,Nifty Private Bank,INDEX,,,28134.8,28470.35,28093.65,28357.95,,298780002.0,
2026-02-27,Nifty Private Bank,INDEX,,,28881.1,28913.7,28578.15,28617.55,,284924590.0,
2026-02-26,Nifty Private Bank,INDEX,,,29059.6,29065.45,28870.0,28999.8,,492452443.0,
2026-02-25,Nifty Private Bank,INDEX,,,28922.6,29045.75,28843.0,28980.95,,236111552.0,
2026-02-24,Nifty Private Bank,INDEX,,,29090.05,29090.05,28787.3,28872.55,,518203341.0,
2026-02-23,Nifty Private Bank,INDEX,,,28927.55,29141.45,28913.2,29008.05,,745257809.0,
2026-02-20,Nifty Private Bank,INDEX,,,28695.8,29029.15,28689.35,28908.6,,126341713.0,
2026-02-19,Nifty Private Bank,INDEX,,,29238.15,29250.45,28701.35,28760.45,,146347884.0,
2026-02-18,Nifty Private Bank,INDEX,,,29073.25,29202.4,28944.3,29187.95,,119722189.0,
2026-02-17,Nifty Private Bank,INDEX,,,28951.75,29052.05,28808.3,29031.65,,144325748.0,
2026-02-16,Nifty Private Bank,INDEX,,,28570.7,29053.5,28546.25,29031.8,,111856083.0,
2026-02-13,Nifty Private Bank,INDEX,,,28905.45,29008.45,28630.7,28691.8,,181019735.0,
2026-02-12,Nifty Private Bank,INDEX,,,29037.95,29088.25,28940.2,28987.05,,208354744.0,
2026-02-11,Nifty Private Bank,INDEX,,,29102.05,29131.85,28970.5,29016.2,,162827562.0,
2026-02-10,Nifty Private Bank,INDEX,,,29067.85,29165.65,28999.8,29063.55,,173943252.0,
2026-02-09,Nifty Private Bank,INDEX,,,29161.85,29205.3,28947.25,29010.05,,164144580.0,
2026-02-06,Nifty Private Bank,INDEX,,,28731.55,28961.65,28698.3,28944.15,,153268964.0,
2026-02-05,Nifty Private Bank,INDEX,,,28956.7,28959.2,28648.1,28761.55,,185499485.0,
2026-02-04,Nifty Private Bank,INDEX,,,28992.75,29057.25,28873.9,28928.8,,198627045.0,
2026-02-03,Nifty Private Bank,INDEX,,,29529.35,29748.45,28828.45,28911.85,,285672387.0,
2026-02-02,Nifty Private Bank,INDEX,,,28143.7,28297.95,27980.75,28205.65,,197563171.0,
2026-01-30,Nifty Private Bank,INDEX,,,28515.0,28725.35,28502.4,28553.15,,236151098.0,
2026-01-29,Nifty Private Bank,INDEX,,,28306.15,28778.95,28253.55,28734.4,,430442962.0,
2026-01-28,Nifty Private Bank,INDEX,,,28502.5,28629.15,28277.85,28440.8,,217167025.0,
2026-01-27,Nifty Private Bank,INDEX,,,27945.25,28413.05,27813.4,28281.9,,322412612.0,
2026-01-23,Nifty Private Bank,INDEX,,,28362.45,28424.95,27930.9,28001.95,,304079537.0,
2026-01-22,Nifty Private Bank,INDEX,,,28336.05,28472.45,28107.05,28306.7,,247163426.0,
2026-01-21,Nifty Private Bank,INDEX,,,28277.55,28408.35,27909.4,28162.65,,276459518.0,
2026-01-20,Nifty Private Bank,INDEX,,,28652.3,28679.85,28348.75,28405.15,,298528270.0,
2026-01-19,Nifty Private Bank,INDEX,,,28730.1,28737.85,28466.95,28679.4,,370491081.0,
2026-01-16,Nifty Private Bank,INDEX,,,28584.9,28777.65,28538.85,28689.55,,362467807.0,
2026-01-14,Nifty Private Bank,INDEX,,,28431.85,28729.9,28428.05,28561.85,,182424048.0,
2026-01-13,Nifty Private Bank,INDEX,,,28661.2,28698.7,28452.05,28569.0,,171027550.0,
2026-01-12,Nifty Private Bank,INDEX,,,28463.85,28623.45,28341.65,28559.3,,205810992.0,
2026-01-09,Nifty Private Bank,INDEX,,,28714.15,28786.0,28460.8,28500.65,,214665072.0,
2026-01-08,Nifty Private Bank,INDEX,,,28826.45,28903.4,28674.75,28774.9,,265867901.0,
2026-01-07,Nifty Private Bank,INDEX,,,28840.35,28898.85,28731.6,28880.85,,329234069.0,
2026-01-06,Nifty Private Bank,INDEX,,,28909.0,29059.0,28844.8,28879.8,,234975054.0,
2026-01-05,Nifty Private Bank,INDEX,,,28976.0,28990.0,28794.7,28886.3,,241499482.0,
2026-01-02,Nifty Private Bank,INDEX,,,28803.3,28982.85,28784.75,28902.9,,192294668.0,
2026-01-01,Nifty Private Bank,INDEX,,,28770.05,28803.35,28671.4,28787.95,,71241251.0,
2025-12-31,Nifty Private Bank,INDEX,,,28448.3,28793.5,28438.65,28721.15,,129083212.0,
2025-12-30,Nifty Private Bank,INDEX,,,28355.75,28482.4,28286.5,28433.15,,437614712.0,
2025-12-29,Nifty Private Bank,INDEX,,,28432.05,28467.35,28303.2,28352.3,,105039540.0,
2025-12-26,Nifty Private Bank,INDEX,,,28416.6,28469.2,28368.15,28403.85,,87444963.0,
2025-12-24,Nifty Private Bank,INDEX,,,28531.0,28614.15,28429.05,28460.8,,101954342.0,
2025-12-23,Nifty Private Bank,INDEX,,,28543.85,28565.8,28470.3,28501.55,,101984968.0,
2025-12-22,Nifty Private Bank,INDEX,,,28500.2,28554.7,28455.2,28510.15,,114366792.0,
2025-12-19,Nifty Private Bank,INDEX,,,28410.8,28466.95,28365.7,28411.5,,228189203.0,
2025-12-18,Nifty Private Bank,INDEX,,,28253.35,28490.5,28230.45,28332.95,,105289907.0,
2025-12-17,Nifty Private Bank,INDEX,,,28481.65,28512.7,28270.15,28338.5,,127884710.0,
2025-12-16,Nifty Private Bank,INDEX,,,28724.55,28739.45,28436.35,28465.05,,152827445.0,
2025-12-15,Nifty Private Bank,INDEX,,,28673.45,28853.05,28659.0,28818.25,,132894644.0,
2025-12-12,Nifty Private Bank,INDEX,,,28761.1,28914.0,28749.25,28802.35,,150468256.0,
2025-12-11,Nifty Private Bank,INDEX,,,28475.5,28805.3,28405.9,28673.75,,108665893.0,
2025-12-10,Nifty Private Bank,INDEX,,,28605.65,28719.1,28425.5,28475.1,,117554250.0,
2025-12-09,Nifty Private Bank,INDEX,,,28479.85,28667.85,28415.1,28596.95,,163067474.0,
2025-12-08,Nifty Private Bank,INDEX,,,28839.05,28866.9,28537.95,28621.55,,161031415.0,
2025-12-05,Nifty Private Bank,INDEX,,,28646.25,28905.55,28633.3,28862.3,,147605634.0,
2025-12-04,Nifty Private Bank,INDEX,,,28703.3,28837.35,28601.6,28720.6,,193197946.0,
2025-12-03,Nifty Private Bank,INDEX,,,28493.65,28758.55,28445.25,28722.75,,174171434.0,
2025-12-02,Nifty Private Bank,INDEX,,,28601.3,28729.35,28533.85,28558.75,,262760533.0,
2025-12-01,Nifty Private Bank,INDEX,,,28953.3,28960.6,28691.95,28758.6,,154566116.0,
2025-11-28,Nifty Private Bank,INDEX,,,28813.4,28847.3,28706.05,28789.4,,132687235.0,
2025-11-27,Nifty Private Bank,INDEX,,,28735.45,28867.3,28688.0,28792.05,,165846194.0,
2025-11-26,Nifty Private Bank,INDEX,,,28292.0,28711.0,28292.0,28695.35,,148867449.0,
2025-11-25,Nifty Private Bank,INDEX,,,28389.7,28453.1,28248.5,28283.8,,201347111.0,
2025-11-24,Nifty Private Bank,INDEX,,,28458.55,28617.25,28268.25,28348.45,,266416432.0,
2025-11-21,Nifty Private Bank,INDEX,,,28505.1,28541.7,28363.25,28396.6,,151164880.0,
2025-11-20,Nifty Private Bank,INDEX,,,28545.0,28627.4,28441.0,28585.05,,141437048.0,
2025-11-19,Nifty Private Bank,INDEX,,,28429.15,28521.8,28303.3,28495.5,,148781141.0,
2025-11-18,Nifty Private Bank,INDEX,,,28402.95,28534.3,28348.15,28407.65,,171961963.0,
2025-11-17,Nifty Private Bank,INDEX,,,28288.2,28444.05,28238.65,28416.2,,240987010.0,
2025-11-14,Nifty Private Bank,INDEX,,,28006.7,28235.85,28006.7,28192.5,,122481181.0,
2025-11-13,Nifty Private Bank,INDEX,,,28091.1,28291.2,28018.65,28149.85,,133890650.0,
2025-11-12,Nifty Private Bank,INDEX,,,28210.8,28212.15,28082.95,28127.85,,156158750.0,
2025-11-11,Nifty Private Bank,INDEX,,,27968.7,28078.45,27802.8,28046.5,,130671931.0,
2025-11-10,Nifty Private Bank,INDEX,,,27906.6,28044.2,27906.6,27946.4,,130498698.0,
2025-11-07,Nifty Private Bank,INDEX,,,27741.8,27994.8,27613.55,27934.5,,182989708.0,
2025-11-06,Nifty Private Bank,INDEX,,,27838.95,28031.05,27791.45,27811.35,,197043430.0,
2025-11-04,Nifty Private Bank,INDEX,,,28094.5,28159.85,27921.45,27959.9,,250698323.0,
2025-11-03,Nifty Private Bank,INDEX,,,27992.1,28226.9,27941.6,28150.15,,198295757.0,
2025-10-31,Nifty Private Bank,INDEX,,,28245.6,28326.25,28036.65,28050.65,,437140526.0,
2025-10-30,Nifty Private Bank,INDEX,,,28366.6,28432.5,28243.85,28262.9,,172192999.0,
2025-10-29,Nifty Private Bank,INDEX,,,28489.35,28519.75,28350.1,28473.45,,141996235.0,
2025-10-28,Nifty Private Bank,INDEX,,,28331.25,28483.7,28247.6,28435.0,,245284022.0,
2025-10-27,Nifty Private Bank,INDEX,,,28352.75,28514.6,28232.35,28412.75,,189772391.0,
2025-10-24,Nifty Private Bank,INDEX,,,28613.05,28639.95,28225.75,28335.25,,198977786.0,
2025-10-23,Nifty Private Bank,INDEX,,,28608.75,28827.0,28504.25,28567.1,,364731722.0,
2025-10-21,Nifty Private Bank,INDEX,,,28444.9,28485.2,28362.6,28426.9,,57462266.0,
2025-10-20,Nifty Private Bank,INDEX,,,28327.65,28585.25,28327.65,28427.8,,511303626.0,
2025-10-17,Nifty Private Bank,INDEX,,,28107.75,28332.25,28061.55,28239.95,,308630718.0,
2025-10-16,Nifty Private Bank,INDEX,,,28004.4,28171.25,27867.1,28136.3,,216147349.0,
2025-10-15,Nifty Private Bank,INDEX,,,27722.55,27789.75,27638.65,27727.3,,194722477.0,
2025-10-14,Nifty Private Bank,INDEX,,,27795.95,27852.7,27562.55,27695.75,,284719210.0,
2025-10-13,Nifty Private Bank,INDEX,,,27606.6,27856.8,27602.1,27790.2,,347249333.0,
2025-10-10,Nifty Private Bank,INDEX,,,27504.95,27837.85,27490.05,27762.5,,645853285.0,
2025-10-09,Nifty Private Bank,INDEX,,,27381.25,27556.4,27318.3,27518.35,,199793506.0,
2025-10-08,Nifty Private Bank,INDEX,,,27421.4,27554.1,27315.45,27409.45,,202153636.0,
2025-10-07,Nifty Private Bank,INDEX,,,27494.7,27626.05,27430.6,27497.65,,227474027.0,
2025-10-06,Nifty Private Bank,INDEX,,,27272.85,27524.15,27236.45,27490.55,,209706912.0,
2025-10-03,Nifty Private Bank,INDEX,,,26955.45,27192.25,26952.05,27159.0,,202561266.0,
2025-10-01,Nifty Private Bank,INDEX,,,26460.6,27009.6,26455.35,26984.6,,294491893.0,
2025-09-30,Nifty Private Bank,INDEX,,,26525.45,26573.55,26380.5,26462.45,,205262286.0,
2025-09-29,Nifty Private Bank,INDEX,,,26528.85,26563.75,26316.4,26411.3,,233187801.0,
2025-09-26,Nifty Private Bank,INDEX,,,26685.05,26742.85,26458.0,26488.45,,165162098.0,
2025-09-25,Nifty Private Bank,INDEX,,,26786.7,26902.75,26743.6,26787.5,,230312595.0,
2025-09-24,Nifty Private Bank,INDEX,,,26967.75,27023.85,26789.85,26824.6,,150394568.0,
2025-09-23,Nifty Private Bank,INDEX,,,26906.55,27098.35,26835.9,27057.4,,184371942.0,
2025-09-22,Nifty Private Bank,INDEX,,,26968.45,27072.75,26881.3,26915.05,,196171845.0,
2025-09-19,Nifty Private Bank,INDEX,,,27114.15,27126.8,26918.15,26972.4,,209224087.0,
2025-09-18,Nifty Private Bank,INDEX,,,27157.15,27174.1,27037.45,27148.0,,157728163.0,
2025-09-17,Nifty Private Bank,INDEX,,,26943.8,27063.85,26936.4,27028.2,,142516050.0,
2025-09-16,Nifty Private Bank,INDEX,,,26680.6,26963.6,26680.6,26927.85,,130413161.0,
2025-09-15,Nifty Private Bank,INDEX,,,26741.35,26820.8,26698.2,26718.7,,124212144.0,
2025-09-12,Nifty Private Bank,INDEX,,,26661.5,26757.15,26607.7,26717.8,,126164220.0,
2025-09-11,Nifty Private Bank,INDEX,,,26484.5,26669.25,26477.0,26609.8,,163298660.0,
2025-09-10,Nifty Private Bank,INDEX,,,26553.95,26603.8,26472.1,26531.55,,205673573.0,
2025-09-09,Nifty Private Bank,INDEX,,,26401.65,26419.75,26286.5,26368.55,,129959117.0,
2025-09-08,Nifty Private Bank,INDEX,,,26367.7,26496.25,26271.5,26334.8,,106047106.0,
2025-09-05,Nifty Private Bank,INDEX,,,26390.0,26391.25,26149.1,26337.55,,173290798.0,
2025-09-04,Nifty Private Bank,INDEX,,,26420.3,26456.0,26239.4,26286.15,,193982373.0,
2025-09-03,Nifty Private Bank,INDEX,,,26082.05,26314.55,26046.8,26282.2,,302120939.0,
2025-09-02,Nifty Private Bank,INDEX,,,26284.35,26349.65,26036.35,26089.7,,135285600.0,
2025-09-01,Nifty Private Bank,INDEX,,,26066.9,26286.3,26066.1,26272.45,,158422408.0,
2025-08-29,Nifty Private Bank,INDEX,,,26037.25,26311.05,26026.85,26058.2,,319319933.0,
2025-08-28,Nifty Private Bank,INDEX,,,26266.7,26330.3,26045.8,26074.05,,212805901.0,
2025-08-26,Nifty Private Bank,INDEX,,,26627.7,26658.2,26315.65,26340.45,,224211517.0,
2025-08-25,Nifty Private Bank,INDEX,,,26740.6,26778.25,26653.7,26696.5,,308243160.0,
2025-08-22,Nifty Private Bank,INDEX,,,26921.95,26951.45,26665.25,26691.85,,87223568.0,
2025-08-21,Nifty Private Bank,INDEX,,,27108.3,27118.5,26945.95,26976.9,,100631093.0,
2025-08-20,Nifty Private Bank,INDEX,,,26972.05,26998.45,26897.9,26940.1,,82730031.0,
2025-08-19,Nifty Private Bank,INDEX,,,26858.0,27094.05,26854.25,27037.3,,107857121.0,
2025-08-18,Nifty Private Bank,INDEX,,,26945.05,27097.1,26895.9,26924.2,,122529479.0,
2025-08-14,Nifty Private Bank,INDEX,,,26607.6,26748.2,26597.4,26655.0,,78717904.0,
2025-08-13,Nifty Private Bank,INDEX,,,26689.25,26689.4,26564.35,26643.6,,92679075.0,
2025-08-12,Nifty Private Bank,INDEX,,,26741.4,26817.25,26540.3,26560.95,,72652274.0,
2025-08-11,Nifty Private Bank,INDEX,,,26568.9,26885.4,26513.3,26779.0,,89653913.0,
2025-08-08,Nifty Private Bank,INDEX,,,26889.8,26934.45,26518.9,26564.7,,94110798.0,
2025-08-07,Nifty Private Bank,INDEX,,,26728.05,26951.4,26658.5,26901.1,,128328167.0,
2025-08-06,Nifty Private Bank,INDEX,,,26870.05,26947.8,26803.5,26850.65,,102556511.0,
2025-08-05,Nifty Private Bank,INDEX,,,26940.25,26998.65,26785.75,26873.75,,120521336.0,
2025-08-04,Nifty Private Bank,INDEX,,,26875.4,27009.45,26824.15,26955.45,,165382889.0,
2025-08-01,Nifty Private Bank,INDEX,,,27055.4,27163.55,26893.8,26920.35,,119213653.0,
2025-07-31,Nifty Private Bank,INDEX,,,26912.55,27315.7,26854.0,27085.45,,208759246.0,
2025-07-30,Nifty Private Bank,INDEX,,,27201.85,27203.6,27073.4,27119.45,,134304242.0,
2025-07-29,Nifty Private Bank,INDEX,,,27067.05,27189.25,27003.1,27153.4,,159467837.0,
2025-07-28,Nifty Private Bank,INDEX,,,27317.75,27409.75,27099.0,27148.25,,170781039.0,
2025-07-25,Nifty Private Bank,INDEX,,,27882.2,27889.35,27534.75,27604.15,,155226634.0,
2025-07-24,Nifty Private Bank,INDEX,,,28069.3,28069.3,27846.25,27874.5,,159557282.0,
2025-07-23,Nifty Private Bank,INDEX,,,27943.6,28076.4,27838.45,28036.95,,110889221.0,
2025-07-22,Nifty Private Bank,INDEX,,,28021.3,28035.55,27814.4,27845.45,,128711119.0,
2025-07-21,Nifty Private Bank,INDEX,,,27618.85,27897.0,27481.5,27881.0,,232205574.0,
2025-07-18,Nifty Private Bank,INDEX,,,27616.25,27735.2,27501.05,27534.5,,168543883.0,
2025-07-17,Nifty Private Bank,INDEX,,,28108.8,28130.15,27918.1,27943.35,,138521241.0,
2025-07-16,Nifty Private Bank,INDEX,,,28126.25,28174.6,28014.0,28107.55,,161273051.0,
2025-07-15,Nifty Private Bank,INDEX,,,28055.5,28213.6,28037.7,28098.5,,235153969.0,
2025-07-14,Nifty Private Bank,INDEX,,,28114.6,28129.9,27960.6,28060.7,,155405166.0,
2025-07-11,Nifty Private Bank,INDEX,,,28047.95,28187.65,27998.15,28075.2,,106640854.0,
2025-07-10,Nifty Private Bank,INDEX,,,28302.3,28327.65,28052.25,28099.8,,115908533.0,
2025-07-09,Nifty Private Bank,INDEX,,,28197.95,28264.7,28132.4,28236.0,,116562638.0,
2025-07-08,Nifty Private Bank,INDEX,,,28122.45,28309.05,28097.55,28241.4,,114237565.0,
2025-07-07,Nifty Private Bank,INDEX,,,28020.05,28115.0,27963.55,28055.7,,112858981.0,
2025-07-04,Nifty Private Bank,INDEX,,,27981.7,28081.9,27844.25,28065.85,,133006419.0,
2025-07-03,Nifty Private Bank,INDEX,,,28078.05,28171.0,27954.8,27977.45,,150372533.0,
2025-07-02,Nifty Private Bank,INDEX,,,28361.0,28385.05,28032.95,28106.35,,187173225.0,
2025-07-01,Nifty Private Bank,INDEX,,,28289.15,28314.0,28149.9,28288.95,,288753228.0,
2025-06-30,Nifty Private Bank,INDEX,,,28546.05,28577.65,28189.95,28254.6,,184821027.0,
2025-06-27,Nifty Private Bank,INDEX,,,28430.55,28538.3,28266.45,28506.1,,259607817.0,
2025-06-26,Nifty Private Bank,INDEX,,,28166.7,28444.1,28078.15,28417.0,,207138362.0,
2025-06-25,Nifty Private Bank,INDEX,,,28176.2,28211.3,28086.9,28126.45,,183315836.0,
2025-06-24,Nifty Private Bank,INDEX,,,28162.85,28311.05,28019.65,28135.05,,195707173.0,
2025-06-23,Nifty Private Bank,INDEX,,,27776.05,28004.15,27724.55,27931.15,,147656838.0,
2025-06-20,Nifty Private Bank,INDEX,,,27675.9,28020.0,27675.8,27978.9,,236057379.0,
2025-06-19,Nifty Private Bank,INDEX,,,27754.65,27870.45,27636.7,27694.6,,194037650.0,
2025-06-18,Nifty Private Bank,INDEX,,,27577.35,27793.7,27549.6,27776.6,,175940040.0,
2025-06-17,Nifty Private Bank,INDEX,,,27768.6,27843.8,27636.3,27667.4,,174596102.0,
2025-06-16,Nifty Private Bank,INDEX,,,27546.35,27797.3,27448.35,27765.6,,186326712.0,
2025-06-13,Nifty Private Bank,INDEX,,,27320.2,27619.95,27320.2,27527.9,,175014654.0,
2025-06-12,Nifty Private Bank,INDEX,,,27999.45,28068.95,27732.4,27779.55,,138622831.0,
2025-06-11,Nifty Private Bank,INDEX,,,28068.8,28156.15,27965.5,28000.65,,149523254.0,
2025-06-10,Nifty Private Bank,INDEX,,,28200.7,28207.3,28013.0,28073.7,,179008974.0,
2025-06-09,Nifty Private Bank,INDEX,,,28122.6,28185.05,28000.05,28120.4,,263184482.0,
2025-06-06,Nifty Private Bank,INDEX,,,27319.0,27893.55,27237.45,27832.5,,352232390.0,
2025-06-05,Nifty Private Bank,INDEX,,,27440.95,27511.65,27295.45,27342.4,,200852052.0,
2025-06-04,Nifty Private Bank,INDEX,,,27366.7,27446.95,27249.65,27368.95,,322655297.0,
2025-06-03,Nifty Private Bank,INDEX,,,27725.35,27725.55,27292.3,27346.35,,1538483987.0,
2025-06-02,Nifty Private Bank,INDEX,,,27482.25,27705.3,27354.1,27670.1,,626831659.0,
2025-05-30,Nifty Private Bank,INDEX,,,27651.6,27707.3,27488.05,27576.65,,277875633.0,
2025-05-29,Nifty Private Bank,INDEX,,,27575.5,27760.45,27394.7,27629.2,,211541626.0,
2025-05-28,Nifty Private Bank,INDEX,,,27516.95,27611.65,27471.05,27502.55,,165675312.0,
2025-05-27,Nifty Private Bank,INDEX,,,27603.85,27802.65,27381.65,27532.8,,187560953.0,
2025-05-26,Nifty Private Bank,INDEX,,,27669.3,27837.8,27548.45,27659.6,,119596652.0,
2025-05-23,Nifty Private Bank,INDEX,,,27323.4,27644.3,27290.4,27621.35,,136890203.0,
2025-05-22,Nifty Private Bank,INDEX,,,27301.55,27358.15,27117.5,27325.45,,188580067.0,
2025-05-21,Nifty Private Bank,INDEX,,,27434.4,27545.85,27192.9,27385.75,,171957700.0,
2025-05-20,Nifty Private Bank,INDEX,,,27652.4,27707.8,27330.9,27355.8,,193257628.0,
2025-05-19,Nifty Private Bank,INDEX,,,27643.4,27796.25,27601.95,27640.9,,208562592.0,
2025-05-16,Nifty Private Bank,INDEX,,,27578.6,27693.15,27545.2,27671.65,,271250211.0,
2025-05-15,Nifty Private Bank,INDEX,,,27354.9,27728.55,27161.45,27646.7,,352563555.0,
2025-05-14,Nifty Private Bank,INDEX,,,27436.9,27524.85,27204.4,27348.5,,285821605.0,
2025-05-13,Nifty Private Bank,INDEX,,,27623.85,27740.65,27373.75,27401.6,,377426688.0,
2025-05-12,Nifty Private Bank,INDEX,,,27400.8,27735.15,27336.1,27675.7,,628806199.0,
2025-05-09,Nifty Private Bank,INDEX,,,26759.2,27021.75,26742.05,26807.45,,817669134.0,
2025-05-08,Nifty Private Bank,INDEX,,,27274.9,27390.75,27030.0,27157.5,,292136846.0,
2025-05-07,Nifty Private Bank,INDEX,,,26873.15,27223.05,26813.0,27183.8,,259937543.0,
2025-05-06,Nifty Private Bank,INDEX,,,27247.95,27297.45,26953.1,26997.65,,564615377.0,
2025-05-05,Nifty Private Bank,INDEX,,,27336.75,27461.7,27087.75,27177.2,,137654318.0,
2025-05-02,Nifty Private Bank,INDEX,,,27437.25,27774.9,27343.1,27396.4,,184068168.0,
2025-04-30,Nifty Private Bank,INDEX,,,27509.0,27589.6,27279.1,27450.3,,188628738.0,
2025-04-29,Nifty Private Bank,INDEX,,,27613.5,27819.35,27459.95,27513.9,,181285960.0,
2025-04-28,Nifty Private Bank,INDEX,,,27168.9,27641.2,27150.85,27578.2,,273780757.0,
2025-04-25,Nifty Private Bank,INDEX,,,27470.8,27513.4,26916.15,27198.55,,247353996.0,
2025-04-24,Nifty Private Bank,INDEX,,,27479.3,27734.1,27479.3,27550.65,,240598554.0,
2025-04-23,Nifty Private Bank,INDEX,,,28050.4,28050.4,27515.95,27612.35,,238665477.0,
2025-04-22,Nifty Private Bank,INDEX,,,27759.0,27973.35,27656.9,27820.85,,333277377.0,
2025-04-21,Nifty Private Bank,INDEX,,,27479.25,27853.85,27370.05,27727.3,,413185185.0,
2025-04-17,Nifty Private Bank,INDEX,,,26533.7,27225.05,26480.35,27149.75,,309101234.0,
2025-04-16,Nifty Private Bank,INDEX,,,26267.8,26583.1,26155.95,26556.6,,221916209.0,
2025-04-15,Nifty Private Bank,INDEX,,,25983.9,26160.45,25796.85,26102.9,,197818936.0,
2025-04-11,Nifty Private Bank,INDEX,,,25159.15,25506.3,25159.15,25388.2,,147489758.0,
2025-04-09,Nifty Private Bank,INDEX,,,25067.9,25096.55,24829.95,25003.15,,162942024.0,
2025-04-08,Nifty Private Bank,INDEX,,,25031.85,25248.25,24850.35,25083.05,,187786295.0,
2025-04-07,Nifty Private Bank,INDEX,,,24535.7,25084.2,24399.85,24768.55,,285107156.0,
2025-04-04,Nifty Private Bank,INDEX,,,25709.95,25784.35,25565.05,25659.85,,242038257.0,
2025-04-03,Nifty Private Bank,INDEX,,,25393.4,25706.65,25386.7,25693.2,,311157948.0,
2025-04-02,Nifty Private Bank,INDEX,,,25473.1,25635.9,25442.95,25610.6,,177997698.0,
2025-04-01,Nifty Private Bank,INDEX,,,25573.35,25783.5,25345.05,25422.75,,232883491.0,
2025-03-28,Nifty Private Bank,INDEX,,,25717.2,25855.55,25621.55,25733.35,,210018453.0,
2025-03-27,Nifty Private Bank,INDEX,,,25566.7,25806.15,25536.6,25695.7,,249716871.0,
2025-03-26,Nifty Private Bank,INDEX,,,25864.9,25944.15,25530.15,25627.75,,110634360.0,
2025-03-25,Nifty Private Bank,INDEX,,,25948.1,26041.75,25751.8,25861.05,,130783650.0,
2025-03-24,Nifty Private Bank,INDEX,,,25442.35,25901.55,25344.2,25842.85,,115089040.0,
2025-03-21,Nifty Private Bank,INDEX,,,24872.8,25298.25,24844.2,25232.7,,174103090.0,
2025-03-20,Nifty Private Bank,INDEX,,,24881.6,24961.55,24775.45,24913.1,,78477083.0,
2025-03-19,Nifty Private Bank,INDEX,,,24679.1,24836.6,24630.1,24762.2,,93684415.0,
2025-03-18,Nifty Private Bank,INDEX,,,24389.9,24679.2,24319.55,24642.6,,101041501.0,
2025-03-17,Nifty Private Bank,INDEX,,,24030.8,24232.6,24020.15,24181.05,,101026029.0,
2025-03-13,Nifty Private Bank,INDEX,,,24047.1,24085.35,23930.85,23955.7,,99086904.0,
2025-03-12,Nifty Private Bank,INDEX,,,23820.0,24082.8,23799.7,23990.25,,198701080.0,
2025-03-11,Nifty Private Bank,INDEX,,,23951.7,24018.65,23783.15,23817.2,,201894085.0,
2025-03-10,Nifty Private Bank,INDEX,,,24183.85,24328.95,24100.55,24151.65,,84686216.0,
2025-03-07,Nifty Private Bank,INDEX,,,24250.6,24392.4,24196.45,24292.95,,80059777.0,
2025-03-06,Nifty Private Bank,INDEX,,,24377.1,24401.85,24143.45,24324.5,,90473693.0,
2025-03-05,Nifty Private Bank,INDEX,,,24093.5,24344.35,24074.35,24238.15,,77775495.0,
2025-03-04,Nifty Private Bank,INDEX,,,24028.55,24174.5,24020.6,24107.25,,90744708.0,
2025-03-03,Nifty Private Bank,INDEX,,,24274.65,24315.15,23950.05,24125.95,,91420142.0,
2025-02-28,Nifty Private Bank,INDEX,,,24312.25,24377.5,24129.85,24225.15,,205552822.0,
2025-02-27,Nifty Private Bank,INDEX,,,24442.4,24577.65,24382.7,24443.7,,174679931.0,
2025-02-25,Nifty Private Bank,INDEX,,,24383.4,24468.35,24345.15,24386.55,,81930559.0,
2025-02-24,Nifty Private Bank,INDEX,,,24307.3,24425.95,24165.1,24382.2,,76144901.0,
2025-02-21,Nifty Private Bank,INDEX,,,24573.1,24642.4,24371.7,24476.9,,72777948.0,
2025-02-20,Nifty Private Bank,INDEX,,,24665.75,24730.45,24570.1,24659.3,,62197213.0,
2025-02-19,Nifty Private Bank,INDEX,,,24434.35,24802.55,24382.55,24778.1,,64447098.0,
2025-02-18,Nifty Private Bank,INDEX,,,24524.15,24601.35,24346.95,24500.6,,70724501.0,
2025-02-17,Nifty Private Bank,INDEX,,,24416.5,24576.2,24242.6,24549.6,,70190322.0,
2025-02-14,Nifty Private Bank,INDEX,,,24717.85,24765.4,24308.85,24513.1,,72025386.0,
2025-02-13,Nifty Private Bank,INDEX,,,24645.6,24873.05,24611.9,24669.0,,72076116.0,
2025-02-12,Nifty Private Bank,INDEX,,,24543.35,24720.95,24228.75,24628.55,,75006724.0,
2025-02-11,Nifty Private Bank,INDEX,,,24796.45,24847.8,24449.85,24568.4,,71771154.0,
2025-02-10,Nifty Private Bank,INDEX,,,24881.1,24936.4,24717.1,24870.9,,59411028.0,
2025-02-07,Nifty Private Bank,INDEX,,,24932.5,25025.75,24763.45,24924.4,,93665163.0,
2025-02-06,Nifty Private Bank,INDEX,,,24881.6,24938.05,24736.85,24907.55,,87574449.0,
2025-02-05,Nifty Private Bank,INDEX,,,24882.95,24944.8,24784.65,24831.35,,81737177.0,
2025-02-04,Nifty Private Bank,INDEX,,,24404.45,24795.4,24362.1,24768.5,,106624584.0,
2025-02-03,Nifty Private Bank,INDEX,,,24191.0,24356.15,24145.0,24265.45,,73007486.0,
2025-01-31,Nifty Private Bank,INDEX,,,24244.55,24423.7,24165.65,24386.0,,93834417.0,
2025-01-30,Nifty Private Bank,INDEX,,,24233.45,24338.05,24152.0,24261.75,,130071899.0,
2025-01-29,Nifty Private Bank,INDEX,,,24072.75,24238.25,24014.3,24222.55,,113641252.0,
2025-01-28,Nifty Private Bank,INDEX,,,23878.4,24212.5,23769.7,24022.85,,208849721.0,
2025-01-27,Nifty Private Bank,INDEX,,,23538.55,23712.55,23508.05,23634.35,,181907575.0,
2025-01-24,Nifty Private Bank,INDEX,,,23835.8,24027.5,23680.4,23750.45,,99295260.0,
2025-01-23,Nifty Private Bank,INDEX,,,23947.35,24051.15,23857.45,23870.45,,85272167.0,
2025-01-22,Nifty Private Bank,INDEX,,,23942.1,23993.95,23700.65,23965.95,,93424392.0,
2025-01-21,Nifty Private Bank,INDEX,,,24314.4,24314.4,23803.1,23869.3,,97437528.0,
2025-01-20,Nifty Private Bank,INDEX,,,24015.4,24358.4,23911.0,24242.65,,131040856.0,
2025-01-17,Nifty Private Bank,INDEX,,,23954.0,24018.25,23558.25,23680.05,,95626044.0,
2025-01-16,Nifty Private Bank,INDEX,,,24131.0,24290.25,24095.2,24206.4,,70590626.0,
2025-01-15,Nifty Private Bank,INDEX,,,24011.9,24150.6,23854.3,23987.95,,83487987.0,
2025-01-14,Nifty Private Bank,INDEX,,,23839.35,24128.85,23817.95,23992.1,,93309034.0,
2025-01-13,Nifty Private Bank,INDEX,,,23663.95,23950.4,23648.8,23722.6,,92977096.0,
2025-01-10,Nifty Private Bank,INDEX,,,24294.0,24327.55,23879.1,23931.15,,80500251.0,
2025-01-09,Nifty Private Bank,INDEX,,,24443.75,24520.85,24241.55,24354.45,,83725727.0,
2025-01-08,Nifty Private Bank,INDEX,,,24582.4,24642.0,24251.95,24462.85,,82295282.0,
2025-01-07,Nifty Private Bank,INDEX,,,24548.55,24708.1,24488.6,24581.95,,64493296.0,
2025-01-06,Nifty Private Bank,INDEX,,,24994.35,25012.95,24397.5,24489.8,,103947581.0,
2025-01-03,Nifty Private Bank,INDEX,,,25247.75,25253.45,24976.6,25018.1,,91641681.0,
2025-01-02,Nifty Private Bank,INDEX,,,24929.5,25272.4,24915.8,25244.25,,84833443.0,
2025-01-01,Nifty Private Bank,INDEX,,,24761.2,25010.95,24603.55,24893.55,,58743907.0,
2024-12-31,Nifty Private Bank,INDEX,,,24612.0,24828.05,24599.8,24780.0,,62343428.0,
2024-12-30,Nifty Private Bank,INDEX,,,24897.65,25279.6,24647.25,24761.6,,159638436.0,
2024-12-27,Nifty Private Bank,INDEX,,,24847.35,25059.45,24843.4,24919.05,,70818601.0,
2024-12-26,Nifty Private Bank,INDEX,,,24936.55,25086.55,24712.85,24798.4,,86722096.0,
2024-12-24,Nifty Private Bank,INDEX,,,24812.05,24877.8,24749.05,24838.85,,86486236.0,
2024-12-23,Nifty Private Bank,INDEX,,,24738.0,24907.85,24723.3,24833.35,,73269610.0,
2024-12-20,Nifty Private Bank,INDEX,,,24957.4,25047.25,24535.05,24617.6,,205256299.0,
2024-12-19,Nifty Private Bank,INDEX,,,24999.7,25140.25,24927.25,25056.3,,94816685.0,
2024-12-18,Nifty Private Bank,INDEX,,,25560.5,25619.9,25243.6,25326.85,,111021390.0,
2024-12-17,Nifty Private Bank,INDEX,,,25878.6,25931.35,25559.3,25611.95,,93735796.0,
2024-12-16,Nifty Private Bank,INDEX,,,25922.25,26029.2,25833.15,25971.55,,60833114.0,
2024-12-13,Nifty Private Bank,INDEX,,,25673.6,25990.7,25297.0,25952.6,,81667834.0,
2024-12-12,Nifty Private Bank,INDEX,,,25770.55,25937.4,25727.25,25745.45,,63764840.0,
2024-12-11,Nifty Private Bank,INDEX,,,25864.7,25977.85,25806.65,25856.1,,64768377.0,
2024-12-10,Nifty Private Bank,INDEX,,,25860.05,25977.85,25792.9,25919.85,,74017858.0,
2024-12-09,Nifty Private Bank,INDEX,,,25904.35,26098.9,25861.45,25884.0,,80840666.0,
2024-12-06,Nifty Private Bank,INDEX,,,25965.75,26091.9,25757.6,25956.35,,93221108.0,
2024-12-05,Nifty Private Bank,INDEX,,,25838.95,26110.9,25597.05,25958.45,,105132492.0,
2024-12-04,Nifty Private Bank,INDEX,,,25580.7,25812.65,25548.5,25779.9,,135612546.0,
2024-12-03,Nifty Private Bank,INDEX,,,25464.15,25606.55,25386.95,25559.05,,101772243.0,
2024-12-02,Nifty Private Bank,INDEX,,,25317.9,25378.95,25156.6,25339.95,,93316949.0,
2024-11-29,Nifty Private Bank,INDEX,,,25254.45,25368.15,25191.4,25327.95,,84104168.0,
2024-11-28,Nifty Private Bank,INDEX,,,25541.95,25689.1,25189.55,25234.85,,109547697.0,
2024-11-27,Nifty Private Bank,INDEX,,,25444.55,25595.5,25396.1,25517.95,,98674420.0,
2024-11-26,Nifty Private Bank,INDEX,,,25639.25,25639.25,25364.1,25461.15,,71333995.0,
2024-11-25,Nifty Private Bank,INDEX,,,25496.8,25547.7,25308.2,25487.0,,329129920.0,
2024-11-22,Nifty Private Bank,INDEX,,,24855.3,25159.9,24844.15,25083.0,,92749015.0,
2024-11-21,Nifty Private Bank,INDEX,,,24802.4,24928.55,24545.25,24824.7,,104250179.0,
2024-11-19,Nifty Private Bank,INDEX,,,24744.05,24950.8,24669.0,24804.35,,130461277.0,
2024-11-18,Nifty Private Bank,INDEX,,,24625.05,24682.0,24524.1,24644.4,,107085372.0,
2024-11-14,Nifty Private Bank,INDEX,,,24519.35,24752.9,24477.45,24610.6,,96479868.0,
2024-11-13,Nifty Private Bank,INDEX,,,24965.85,25126.15,24439.1,24530.4,,134115961.0,
2024-11-12,Nifty Private Bank,INDEX,,,25381.8,25491.6,24949.2,25036.0,,86981116.0,
2024-11-11,Nifty Private Bank,INDEX,,,25163.85,25473.2,25005.85,25318.25,,103949493.0,
2024-11-08,Nifty Private Bank,INDEX,,,25238.75,25341.25,25125.55,25186.75,,83109927.0,
2024-11-07,Nifty Private Bank,INDEX,,,25482.75,25528.9,25207.15,25274.6,,87482051.0,
2024-11-06,Nifty Private Bank,INDEX,,,25592.25,25607.8,25457.15,25506.9,,108013880.0,
2024-11-05,Nifty Private Bank,INDEX,,,24929.05,25540.1,24829.55,25498.1,,117127578.0,
2024-11-04,Nifty Private Bank,INDEX,,,25385.1,25385.1,24966.8,25012.5,,153867561.0,
2024-11-01,Nifty Private Bank,INDEX,,,25273.95,25411.6,25237.0,25347.8,,28209498.0,
2024-10-31,Nifty Private Bank,INDEX,,,25314.35,25515.2,25162.95,25220.45,,228746853.0,
2024-10-30,Nifty Private Bank,INDEX,,,25411.5,25570.0,25348.7,25393.05,,160034164.0,
2024-10-29,Nifty Private Bank,INDEX,,,25285.45,25672.2,25200.05,25622.15,,223755219.0,
2024-10-28,Nifty Private Bank,INDEX,,,25271.75,25442.35,25185.15,25235.35,,339040672.0,
2024-10-25,Nifty Private Bank,INDEX,,,25395.35,25497.05,24969.55,25166.8,,205917367.0,
2024-10-24,Nifty Private Bank,INDEX,,,25408.35,25569.4,25306.95,25476.1,,103076678.0,
2024-10-23,Nifty Private Bank,INDEX,,,25385.45,25633.8,25355.2,25383.15,,154928097.0,
2024-10-22,Nifty Private Bank,INDEX,,,25786.75,25858.4,25415.8,25453.3,,221075824.0,
2024-10-21,Nifty Private Bank,INDEX,,,26024.1,26060.15,25629.25,25703.5,,176533837.0,
2024-10-18,Nifty Private Bank,INDEX,,,25572.05,26043.3,25447.4,25984.1,,95432612.0,
2024-10-17,Nifty Private Bank,INDEX,,,25794.1,25811.9,25403.65,25500.4,,67210173.0,
2024-10-16,Nifty Private Bank,INDEX,,,25792.85,25928.15,25761.85,25789.65,,77834593.0,
2024-10-15,Nifty Private Bank,INDEX,,,25985.55,25990.8,25822.15,25900.4,,90834376.0,
2024-10-14,Nifty Private Bank,INDEX,,,25677.55,25960.05,25651.4,25916.25,,130332586.0,
2024-10-11,Nifty Private Bank,INDEX,,,25756.35,25818.05,25556.85,25642.6,,194742272.0,
2024-10-10,Nifty Private Bank,INDEX,,,25468.4,25829.65,25416.55,25765.7,,77085116.0,
2024-10-09,Nifty Private Bank,INDEX,,,25410.05,25705.15,25270.95,25363.3,,209305187.0,
2024-10-08,Nifty Private Bank,INDEX,,,25256.1,25457.35,25095.6,25367.65,,97912780.0,
2024-10-07,Nifty Private Bank,INDEX,,,25632.35,25744.75,24924.65,25119.05,,184851783.0,
2024-10-04,Nifty Private Bank,INDEX,,,25685.8,26033.0,25530.55,25583.45,,108156606.0,
2024-10-03,Nifty Private Bank,INDEX,,,26159.6,26291.4,25730.85,25779.0,,139344077.0,
2024-10-01,Nifty Private Bank,INDEX,,,26439.95,26631.7,26411.6,26470.25,,98620093.0,
2024-09-30,Nifty Private Bank,INDEX,,,26813.65,26951.65,26473.4,26501.85,,126506110.0,
2024-09-27,Nifty Private Bank,INDEX,,,27234.75,27253.7,26926.0,26960.25,,148677702.0,
2024-09-26,Nifty Private Bank,INDEX,,,27105.6,27280.6,27074.6,27241.7,,114994473.0,
2024-09-25,Nifty Private Bank,INDEX,,,26961.65,27151.2,26961.0,27129.4,,91338432.0,
2024-09-24,Nifty Private Bank,INDEX,,,27140.25,27174.25,27012.4,27046.4,,98581626.0,
2024-09-23,Nifty Private Bank,INDEX,,,27124.9,27168.85,26996.8,27122.6,,103322631.0,
2024-09-20,Nifty Private Bank,INDEX,,,26751.85,27211.25,26643.85,27062.35,,214069104.0,
2024-09-19,Nifty Private Bank,INDEX,,,26599.85,26810.75,26537.7,26650.7,,122377871.0,
2024-09-18,Nifty Private Bank,INDEX,,,26240.7,26622.7,26224.85,26502.6,,159320813.0,
2024-09-17,Nifty Private Bank,INDEX,,,26267.1,26292.35,26178.05,26250.35,,80523911.0,
2024-09-16,Nifty Private Bank,INDEX,,,26138.65,26236.05,26068.2,26207.1,,67721227.0,
2024-09-13,Nifty Private Bank,INDEX,,,26033.7,26107.45,25904.4,26075.55,,102416335.0,
2024-09-12,Nifty Private Bank,INDEX,,,25705.15,26000.7,25585.6,25949.9,,87344497.0,
2024-09-11,Nifty Private Bank,INDEX,,,25705.6,25775.6,25561.35,25591.0,,93347134.0,
2024-09-10,Nifty Private Bank,INDEX,,,25710.1,25759.9,25562.4,25720.3,,88614355.0,
2024-09-09,Nifty Private Bank,INDEX,,,25300.9,25661.55,25216.25,25613.5,,115151344.0,
2024-09-06,Nifty Private Bank,INDEX,,,25611.4,25719.85,25257.85,25328.8,,101198776.0,
2024-09-05,Nifty Private Bank,INDEX,,,25772.6,25823.0,25689.95,25725.5,,88958167.0,
2024-09-04,Nifty Private Bank,INDEX,,,25666.25,25752.25,25647.65,25702.5,,112529343.0,
2024-09-03,Nifty Private Bank,INDEX,,,25780.3,25903.05,25674.55,25871.45,,96257437.0,
2024-09-02,Nifty Private Bank,INDEX,,,25816.1,25816.1,25678.0,25752.05,,113773617.0,
2024-08-30,Nifty Private Bank,INDEX,,,25748.6,25760.05,25649.1,25687.75,,427202480.0,
2024-08-29,Nifty Private Bank,INDEX,,,25619.8,25733.35,25521.15,25608.15,,106465765.0,
2024-08-28,Nifty Private Bank,INDEX,,,25659.75,25697.7,25586.0,25646.1,,96243575.0,
2024-08-27,Nifty Private Bank,INDEX,,,25629.05,25740.6,25496.4,25681.35,,89336423.0,
2024-08-26,Nifty Private Bank,INDEX,,,25588.6,25677.45,25559.2,25603.45,,74326075.0,
2024-08-23,Nifty Private Bank,INDEX,,,25565.0,25604.55,25453.55,25502.85,,72923473.0,
2024-08-22,Nifty Private Bank,INDEX,,,25491.2,25583.8,25444.0,25534.35,,119867837.0,
2024-08-21,Nifty Private Bank,INDEX,,,25327.4,25431.9,25192.0,25389.9,,139819842.0,
2024-08-20,Nifty Private Bank,INDEX,,,25167.9,25500.4,25156.05,25390.95,,102719263.0,
2024-08-19,Nifty Private Bank,INDEX,,,25340.4,25350.55,25092.0,25134.7,,86125925.0,
2024-08-16,Nifty Private Bank,INDEX,,,25076.1,25294.9,24883.35,25256.05,,94666203.0,
2024-08-14,Nifty Private Bank,INDEX,,,24962.35,24996.0,24822.55,24844.95,,99907008.0,
2024-08-13,Nifty Private Bank,INDEX,,,25189.9,25265.5,24908.7,24944.85,,104630569.0,
2024-08-12,Nifty Private Bank,INDEX,,,25116.3,25368.25,24993.3,25256.85,,119338499.0,
2024-08-09,Nifty Private Bank,INDEX,,,25254.75,25313.8,25127.95,25146.5,,68475504.0,
2024-08-08,Nifty Private Bank,INDEX,,,24956.5,25136.45,24861.35,25022.8,,76614484.0,
2024-08-07,Nifty Private Bank,INDEX,,,25148.4,25148.4,24866.8,24999.85,,114990259.0,
2024-08-06,Nifty Private Bank,INDEX,,,25180.0,25304.4,24830.15,24880.2,,101559445.0,
2024-08-05,Nifty Private Bank,INDEX,,,25226.1,25354.15,24857.65,25031.35,,158902689.0,
2024-08-02,Nifty Private Bank,INDEX,,,25501.4,25732.4,25460.1,25612.05,,104060692.0,
2024-08-01,Nifty Private Bank,INDEX,,,25742.05,25864.45,25651.45,25712.2,,96627978.0,
2024-07-31,Nifty Private Bank,INDEX,,,25714.0,25758.5,25598.6,25712.1,,149970815.0,
2024-07-30,Nifty Private Bank,INDEX,,,25564.65,25900.2,25501.3,25672.75,,192535043.0,
2024-07-29,Nifty Private Bank,INDEX,,,25643.15,26036.35,25445.8,25588.6,,335941651.0,
2024-07-26,Nifty Private Bank,INDEX,,,25107.95,25583.4,25095.75,25518.2,,172870244.0,
2024-07-25,Nifty Private Bank,INDEX,,,25298.0,25411.7,25181.55,25369.05,,165804530.0,
2024-07-24,Nifty Private Bank,INDEX,,,25738.6,25878.3,25302.1,25604.8,,211477068.0,
2024-07-23,Nifty Private Bank,INDEX,,,26151.15,26170.85,25587.75,25800.15,,158599696.0,
2024-07-22,Nifty Private Bank,INDEX,,,25964.3,26060.35,25802.8,26015.0,,131808472.0,
2024-07-19,Nifty Private Bank,INDEX,,,26166.9,26193.5,25964.6,26008.0,,79101267.0,
2024-07-18,Nifty Private Bank,INDEX,,,26033.55,26315.5,26022.4,26229.8,,81572475.0,
2024-07-16,Nifty Private Bank,INDEX,,,26147.05,26229.35,26104.85,26125.75,,101050258.0,
2024-07-15,Nifty Private Bank,INDEX,,,26171.25,26265.55,26032.05,26148.7,,101184534.0,
2024-07-12,Nifty Private Bank,INDEX,,,26147.6,26419.8,26101.2,26146.8,,118884411.0,
2024-07-11,Nifty Private Bank,INDEX,,,26145.35,26195.75,25853.95,26129.25,,99883095.0,
2024-07-10,Nifty Private Bank,INDEX,,,26215.5,26223.1,25997.35,26086.6,,151071829.0,
2024-07-09,Nifty Private Bank,INDEX,,,26177.75,26285.15,26129.6,26232.5,,95174891.0,
2024-07-08,Nifty Private Bank,INDEX,,,26215.3,26309.1,26103.65,26200.25,,108117859.0,
2024-07-05,Nifty Private Bank,INDEX,,,26235.8,26367.65,26105.45,26266.2,,139511079.0,
2024-07-04,Nifty Private Bank,INDEX,,,26653.55,26653.55,26360.85,26524.2,,127446412.0,
2024-07-03,Nifty Private Bank,INDEX,,,26312.85,26566.4,26131.9,26504.65,,265575698.0,
2024-07-02,Nifty Private Bank,INDEX,,,26318.05,26333.2,25888.7,25979.05,,125329104.0,
2024-07-01,Nifty Private Bank,INDEX,,,26094.85,26251.15,25992.05,26210.0,,75001922.0,
2024-06-28,Nifty Private Bank,INDEX,,,26415.25,26441.0,26031.7,26075.5,,94676357.0,
2024-06-27,Nifty Private Bank,INDEX,,,26440.3,26542.5,26264.05,26401.85,,168548997.0,
2024-06-26,Nifty Private Bank,INDEX,,,26260.25,26428.65,26120.4,26368.85,,150490539.0,
2024-06-25,Nifty Private Bank,INDEX,,,25794.4,26297.15,25784.85,26218.4,,171148416.0,
2024-06-24,Nifty Private Bank,INDEX,,,25615.45,25821.5,25535.6,25781.05,,121810423.0,
2024-06-21,Nifty Private Bank,INDEX,,,25936.5,25942.7,25595.95,25811.35,,238588609.0,
2024-06-20,Nifty Private Bank,INDEX,,,25742.6,25870.45,25548.45,25849.85,,221353236.0,
2024-06-19,Nifty Private Bank,INDEX,,,25147.3,25846.15,25071.55,25553.9,,308582167.0,
2024-06-18,Nifty Private Bank,INDEX,,,24890.0,25111.35,24714.0,25049.65,,160969601.0,
2024-06-14,Nifty Private Bank,INDEX,,,24771.55,24831.7,24623.45,24777.05,,92987401.0,
2024-06-13,Nifty Private Bank,INDEX,,,24883.15,24893.75,24675.4,24692.7,,82748480.0,
2024-06-12,Nifty Private Bank,INDEX,,,24715.35,24891.0,24631.8,24740.35,,142728764.0,
2024-06-11,Nifty Private Bank,INDEX,,,24662.95,24780.75,24548.4,24644.2,,82893896.0,
2024-06-10,Nifty Private Bank,INDEX,,,24699.4,24902.0,24598.25,24684.9,,122750994.0,
2024-06-07,Nifty Private Bank,INDEX,,,24457.3,24806.6,24357.45,24706.9,,104406824.0,
2024-06-06,Nifty Private Bank,INDEX,,,24630.6,24632.5,24276.85,24456.25,,128435465.0,
2024-06-05,Nifty Private Bank,INDEX,,,23511.75,24619.3,23095.5,24462.7,,306341191.0,
2024-06-04,Nifty Private Bank,INDEX,,,24914.75,24914.75,22919.35,23269.3,,298844218.0,
2024-06-03,Nifty Private Bank,INDEX,,,25150.35,25187.95,24710.6,25032.45,,234536283.0,
2024-05-31,Nifty Private Bank,INDEX,,,24211.55,24310.1,24069.5,24224.1,,173681501.0,
2024-05-30,Nifty Private Bank,INDEX,,,23943.35,24262.8,23943.35,24102.8,,101036166.0,
2024-05-29,Nifty Private Bank,INDEX,,,24181.75,24308.6,23984.7,24026.7,,107258860.0,
2024-05-28,Nifty Private Bank,INDEX,,,24490.15,24541.8,24305.3,24359.15,,85378223.0,
2024-05-27,Nifty Private Bank,INDEX,,,24367.0,24638.85,24330.9,24435.1,,144118223.0,
2024-05-24,Nifty Private Bank,INDEX,,,24166.8,24347.25,24126.75,24303.5,,91800081.0,
2024-05-23,Nifty Private Bank,INDEX,,,23769.65,24229.7,23757.95,24203.95,,123002690.0,
2024-05-22,Nifty Private Bank,INDEX,,,23875.8,23879.35,23551.85,23730.15,,140155874.0,
2024-05-21,Nifty Private Bank,INDEX,,,23839.2,23944.3,23782.9,23828.9,,118866580.0,
2024-05-17,Nifty Private Bank,INDEX,,,23810.05,23970.0,23750.1,23931.65,,99060497.0,
2024-05-16,Nifty Private Bank,INDEX,,,23843.85,23911.3,23555.65,23875.1,,154302266.0,
2024-05-15,Nifty Private Bank,INDEX,,,23822.75,23842.45,23619.7,23716.65,,111162269.0,
2024-05-14,Nifty Private Bank,INDEX,,,23748.6,23827.25,23677.2,23796.05,,101494851.0,
2024-05-13,Nifty Private Bank,INDEX,,,23526.5,23807.75,23348.15,23753.0,,136236371.0,
2024-05-10,Nifty Private Bank,INDEX,,,23522.7,23737.2,23444.75,23550.65,,119752499.0,
2024-05-09,Nifty Private Bank,INDEX,,,23803.3,23942.1,23484.5,23508.9,,112216694.0,
2024-05-08,Nifty Private Bank,INDEX,,,23960.9,23983.35,23795.5,23849.75,,162982330.0,
2024-05-07,Nifty Private Bank,INDEX,,,24421.65,24456.95,24006.0,24044.3,,118851250.0,
2024-05-06,Nifty Private Bank,INDEX,,,24435.35,24576.55,24350.05,24398.45,,135313623.0,
2024-05-03,Nifty Private Bank,INDEX,,,24541.0,24666.55,24167.1,24293.1,,130308022.0,
2024-05-02,Nifty Private Bank,INDEX,,,24494.85,24624.65,24415.9,24472.3,,213443231.0,
2024-04-30,Nifty Private Bank,INDEX,,,24587.25,24830.95,24476.1,24535.95,,246509642.0,
2024-04-29,Nifty Private Bank,INDEX,,,24080.85,24578.45,24057.0,24551.05,,238463884.0,
2024-04-26,Nifty Private Bank,INDEX,,,24220.8,24242.85,23975.5,24031.55,,158836118.0,
2024-04-25,Nifty Private Bank,INDEX,,,23894.5,24209.4,23867.75,24140.6,,226336406.0,
2024-04-24,Nifty Private Bank,INDEX,,,24058.65,24145.05,24020.0,24109.15,,81723678.0,
2024-04-23,Nifty Private Bank,INDEX,,,24148.0,24149.75,23952.3,23999.7,,92147901.0,
2024-04-22,Nifty Private Bank,INDEX,,,24077.5,24077.75,23856.25,23974.05,,119102009.0,
2024-04-19,Nifty Private Bank,INDEX,,,23379.1,23851.2,23287.6,23796.8,,121071817.0,
2024-04-18,Nifty Private Bank,INDEX,,,23820.9,23934.35,23493.6,23534.75,,127536364.0,
2024-04-16,Nifty Private Bank,INDEX,,,23738.0,23827.05,23682.1,23759.25,,121711039.0,
2024-04-15,Nifty Private Bank,INDEX,,,24071.3,24181.45,23882.65,23916.15,,134867597.0,
2024-04-12,Nifty Private Bank,INDEX,,,24364.45,24468.4,24276.1,24319.9,,146122423.0,
2024-04-10,Nifty Private Bank,INDEX,,,24478.8,24542.95,24352.8,24512.35,,177347335.0,
2024-04-09,Nifty Private Bank,INDEX,,,24412.65,24506.1,24313.5,24395.25,,113601604.0,
2024-04-08,Nifty Private Bank,INDEX,,,24263.35,24350.55,24188.7,24287.1,,202017033.0,
2024-04-05,Nifty Private Bank,INDEX,,,24048.25,24264.1,23943.1,24228.25,,165906882.0,
2024-04-04,Nifty Private Bank,INDEX,,,23978.9,24050.9,23816.35,24012.35,,249182527.0,
2024-04-03,Nifty Private Bank,INDEX,,,23678.95,23838.65,23653.3,23746.9,,147858954.0,
2024-04-02,Nifty Private Bank,INDEX,,,23761.5,23887.0,23718.55,23782.25,,133757443.0,
2024-04-01,Nifty Private Bank,INDEX,,,23684.55,23833.55,23669.1,23797.9,,96458018.0,
2024-03-28,Nifty Private Bank,INDEX,,,23476.25,23701.5,23468.35,23555.85,,290775617.0,
2024-03-27,Nifty Private Bank,INDEX,,,23353.35,23551.2,23353.35,23473.6,,197284355.0,
2024-03-26,Nifty Private Bank,INDEX,,,23303.25,23435.3,23299.55,23334.75,,123129749.0,
2024-03-22,Nifty Private Bank,INDEX,,,23334.8,23515.55,23317.5,23452.6,,120570096.0,
2024-03-21,Nifty Private Bank,INDEX,,,23335.95,23491.05,23283.95,23355.25,,95138513.0,
2024-03-20,Nifty Private Bank,INDEX,,,23233.45,23340.45,22932.8,23152.5,,127143322.0,
2024-03-19,Nifty Private Bank,INDEX,,,23212.3,23299.65,23137.5,23220.7,,95576610.0,
2024-03-18,Nifty Private Bank,INDEX,,,23287.9,23372.85,23035.5,23292.8,,95499771.0,
2024-03-15,Nifty Private Bank,INDEX,,,23226.05,23400.4,23147.7,23323.0,,240068212.0,
2024-03-14,Nifty Private Bank,INDEX,,,23314.4,23576.05,23205.45,23332.5,,143334118.0,
2024-03-13,Nifty Private Bank,INDEX,,,23641.45,23701.65,23368.8,23441.1,,165437795.0,
2024-03-12,Nifty Private Bank,INDEX,,,23622.35,23834.65,23390.0,23605.35,,136295597.0,
2024-03-11,Nifty Private Bank,INDEX,,,23827.15,23857.6,23559.55,23595.0,,119270479.0,
2024-03-07,Nifty Private Bank,INDEX,,,23967.0,23982.1,23807.7,23848.15,,94874109.0,
2024-03-06,Nifty Private Bank,INDEX,,,23667.05,24066.95,23667.05,23938.8,,177345349.0,
2024-03-05,Nifty Private Bank,INDEX,,,23684.9,23840.4,23621.0,23731.75,,104800252.0,
2024-03-04,Nifty Private Bank,INDEX,,,23693.05,23816.0,23638.3,23779.7,,101565994.0,
2024-03-01,Nifty Private Bank,INDEX,,,23155.1,23720.85,23155.1,23688.85,,104090498.0,
2024-02-29,Nifty Private Bank,INDEX,,,22974.6,23204.45,22849.0,23104.7,,161999361.0,
2024-02-28,Nifty Private Bank,INDEX,,,23402.75,23443.45,22958.25,23019.0,,97540331.0,
2024-02-27,Nifty Private Bank,INDEX,,,23277.4,23420.15,23186.5,23372.7,,103579113.0,
2024-02-26,Nifty Private Bank,INDEX,,,23347.4,23456.35,23280.9,23317.2,,162953586.0,
2024-02-23,Nifty Private Bank,INDEX,,,23538.05,23624.05,23385.0,23430.85,,125945673.0,
2024-02-22,Nifty Private Bank,INDEX,,,23413.25,23479.65,23189.15,23430.5,,117452734.0,
2024-02-21,Nifty Private Bank,INDEX,,,23691.4,23691.4,23380.7,23445.95,,114259948.0,
2024-02-20,Nifty Private Bank,INDEX,,,23207.95,23562.15,23167.75,23534.7,,124188328.0,
2024-02-19,Nifty Private Bank,INDEX,,,23322.9,23397.85,23224.95,23296.5,,90280146.0,
2024-02-16,Nifty Private Bank,INDEX,,,23185.75,23354.4,23102.8,23240.9,,142089788.0,
2024-02-15,Nifty Private Bank,INDEX,,,23029.05,23103.1,22777.25,23054.3,,114640437.0,
2024-02-14,Nifty Private Bank,INDEX,,,22628.15,23121.0,22544.4,22983.2,,159771194.0,
2024-02-13,Nifty Private Bank,INDEX,,,22631.35,22994.35,22507.7,22866.85,,137097238.0,
2024-02-12,Nifty Private Bank,INDEX,,,22938.75,22981.1,22390.1,22532.7,,159630658.0,
2024-02-09,Nifty Private Bank,INDEX,,,22671.1,22970.05,22613.35,22913.8,,128174862.0,
2024-02-08,Nifty Private Bank,INDEX,,,23353.3,23420.55,22622.3,22684.45,,140374300.0,
2024-02-07,Nifty Private Bank,INDEX,,,23421.15,23464.1,23199.05,23288.7,,137819030.0,
2024-02-06,Nifty Private Bank,INDEX,,,23454.7,23472.8,23272.85,23305.7,,111901454.0,
2024-02-05,Nifty Private Bank,INDEX,,,23455.8,23504.9,23276.6,23419.8,,142127201.0,
2024-02-02,Nifty Private Bank,INDEX,,,23799.5,23956.45,23422.65,23453.5,,134060616.0,
2024-02-01,Nifty Private Bank,INDEX,,,23672.3,23675.95,23402.35,23623.75,,117111575.0,
2024-01-31,Nifty Private Bank,INDEX,,,23284.1,23751.25,23171.9,23594.45,,177871127.0,
2024-01-30,Nifty Private Bank,INDEX,,,23426.15,23532.8,23232.35,23324.95,,117214887.0,
2024-01-29,Nifty Private Bank,INDEX,,,23228.8,23510.75,23212.95,23403.0,,175327278.0,
2024-01-25,Nifty Private Bank,INDEX,,,23106.45,23204.1,22837.3,23051.1,,235732040.0,
2024-01-24,Nifty Private Bank,INDEX,,,22901.55,23361.3,22876.8,23111.6,,238074519.0,
2024-01-23,Nifty Private Bank,INDEX,,,23955.0,23989.45,23111.35,23167.6,,282404697.0,
2024-01-19,Nifty Private Bank,INDEX,,,23805.7,23841.85,23468.0,23537.75,,184709518.0,
2024-01-18,Nifty Private Bank,INDEX,,,23508.3,23877.15,23487.8,23603.0,,198837789.0,
2024-01-17,Nifty Private Bank,INDEX,,,24101.55,24375.9,23758.9,23798.35,,345773678.0,
2024-01-16,Nifty Private Bank,INDEX,,,24860.15,24969.6,24784.1,24850.7,,142417027.0,
2024-01-15,Nifty Private Bank,INDEX,,,24746.5,24927.9,24684.95,24884.5,,98608814.0,
2024-01-12,Nifty Private Bank,INDEX,,,24642.55,24757.5,24554.15,24653.85,,89200065.0,
2024-01-11,Nifty Private Bank,INDEX,,,24554.65,24646.3,24464.65,24577.65,,91524363.0,
2024-01-10,Nifty Private Bank,INDEX,,,24307.0,24506.75,24266.1,24476.35,,92494430.0,
2024-01-09,Nifty Private Bank,INDEX,,,24608.05,24744.6,24346.0,24394.9,,108442786.0,
2024-01-08,Nifty Private Bank,INDEX,,,24822.4,24846.35,24450.4,24484.45,,148746481.0,
2024-01-05,Nifty Private Bank,INDEX,,,24898.4,24950.65,24662.8,24841.55,,118240479.0,
2024-01-04,Nifty Private Bank,INDEX,,,24629.8,24902.45,24618.85,24863.6,,116772454.0,
2024-01-03,Nifty Private Bank,INDEX,,,24592.9,24617.8,24428.7,24576.55,,132535429.0,
2024-01-02,Nifty Private Bank,INDEX,,,24834.85,24846.3,24532.2,24565.4,,119772777.0,
2024-01-01,Nifty Private Bank,INDEX,,,24826.55,24956.85,24760.2,24855.35,,82017904.0,
2023-12-29,Nifty Private Bank,INDEX,,,24912.4,24988.5,24763.4,24875.65,,113403341.0,
2023-12-28,Nifty Private Bank,INDEX,,,24920.75,25009.9,24855.7,24933.4,,175911272.0,
2023-12-27,Nifty Private Bank,INDEX,,,24627.45,24858.95,24623.1,24820.45,,93168118.0,
2023-12-26,Nifty Private Bank,INDEX,,,24533.8,24662.5,24450.7,24583.05,,92997215.0,
2023-12-22,Nifty Private Bank,INDEX,,,24659.85,24779.5,24440.4,24485.3,,126400708.0,
2023-12-21,Nifty Private Bank,INDEX,,,24345.9,24696.95,24184.3,24649.9,,135331389.0,
2023-12-20,Nifty Private Bank,INDEX,,,24873.05,24907.45,24377.7,24508.15,,129491280.0,
2023-12-19,Nifty Private Bank,INDEX,,,24834.65,24854.45,24698.25,24764.55,,118785725.0,
2023-12-18,Nifty Private Bank,INDEX,,,24909.5,24909.9,24754.5,24785.35,,106089287.0,
2023-12-15,Nifty Private Bank,INDEX,,,24856.75,24973.85,24734.8,24944.65,,217838912.0,
2023-12-14,Nifty Private Bank,INDEX,,,24652.75,24867.85,24617.95,24758.0,,121025839.0,
2023-12-13,Nifty Private Bank,INDEX,,,24473.3,24482.0,24313.05,24401.85,,122428819.0,
2023-12-12,Nifty Private Bank,INDEX,,,24608.7,24627.05,24366.65,24418.95,,114612164.0,
2023-12-11,Nifty Private Bank,INDEX,,,24508.7,24707.9,24503.45,24555.0,,118105406.0,
2023-12-08,Nifty Private Bank,INDEX,,,24269.35,24541.95,24269.35,24517.85,,155787246.0,
2023-12-07,Nifty Private Bank,INDEX,,,24232.65,24319.95,24117.25,24272.2,,151429763.0,
2023-12-06,Nifty Private Bank,INDEX,,,24502.45,24522.05,24241.0,24305.7,,142958714.0,
2023-12-05,Nifty Private Bank,INDEX,,,24353.7,24495.35,24222.25,24387.05,,199288210.0,
2023-12-04,Nifty Private Bank,INDEX,,,23699.6,24128.05,23593.65,24102.4,,163037928.0,
2023-12-01,Nifty Private Bank,INDEX,,,23204.2,23370.15,23179.8,23279.0,,97264475.0,
2023-11-30,Nifty Private Bank,INDEX,,,23258.75,23285.7,23017.55,23136.8,,254102852.0,
2023-11-29,Nifty Private Bank,INDEX,,,22946.8,23212.3,22903.3,23179.8,,103575979.0,
2023-11-28,Nifty Private Bank,INDEX,,,22831.9,22883.7,22762.3,22840.45,,97986686.0,
2023-11-24,Nifty Private Bank,INDEX,,,22720.75,22813.45,22692.0,22791.8,,74532015.0,
2023-11-23,Nifty Private Bank,INDEX,,,22610.25,22736.8,22610.25,22704.2,,52078984.0,
2023-11-22,Nifty Private Bank,INDEX,,,22745.95,22762.2,22515.7,22618.75,,90177574.0,
2023-11-21,Nifty Private Bank,INDEX,,,22784.0,22796.9,22702.15,22771.05,,70734036.0,
2023-11-20,Nifty Private Bank,INDEX,,,22697.85,22747.5,22596.6,22681.25,,92849200.0,
2023-11-17,Nifty Private Bank,INDEX,,,22746.65,22857.8,22667.1,22704.35,,158890164.0,
2023-11-16,Nifty Private Bank,INDEX,,,23034.25,23136.1,22953.75,23004.25,,100341701.0,
2023-11-15,Nifty Private Bank,INDEX,,,23137.35,23142.3,22991.2,23012.1,,129438736.0,
2023-11-13,Nifty Private Bank,INDEX,,,22872.95,22908.1,22765.7,22863.5,,87768147.0,
2023-11-10,Nifty Private Bank,INDEX,,,22694.3,22877.45,22673.15,22829.05,,60787966.0,
2023-11-09,Nifty Private Bank,INDEX,,,22708.55,22876.05,22661.95,22769.45,,72097378.0,
2023-11-08,Nifty Private Bank,INDEX,,,22790.45,22794.45,22661.5,22727.05,,106597524.0,
2023-11-07,Nifty Private Bank,INDEX,,,22655.7,22791.0,22496.3,22759.95,,88439454.0,
2023-11-06,Nifty Private Bank,INDEX,,,22632.2,22692.7,22549.65,22671.6,,76784672.0,
2023-11-03,Nifty Private Bank,INDEX,,,22464.8,22517.0,22416.0,22454.1,,77791175.0,
2023-11-02,Nifty Private Bank,INDEX,,,22295.0,22451.05,22201.45,22304.95,,87170672.0,
2023-11-01,Nifty Private Bank,INDEX,,,22158.5,22212.4,22085.5,22131.2,,91732192.0,
2023-10-31,Nifty Private Bank,INDEX,,,22504.65,22504.65,22208.0,22235.25,,104427489.0,
2023-10-30,Nifty Private Bank,INDEX,,,22188.0,22380.55,22013.0,22340.9,,131169511.0,
2023-10-27,Nifty Private Bank,INDEX,,,22123.65,22249.5,22076.85,22219.6,,113806055.0,
2023-10-26,Nifty Private Bank,INDEX,,,22210.0,22212.85,21871.9,21979.5,,191038205.0,
2023-10-25,Nifty Private Bank,INDEX,,,22542.4,22601.45,22214.4,22254.05,,121208948.0,
2023-10-23,Nifty Private Bank,INDEX,,,22862.85,22868.1,22414.15,22475.95,,138222919.0,
2023-10-20,Nifty Private Bank,INDEX,,,22704.4,22873.75,22696.65,22802.25,,83521444.0,
2023-10-19,Nifty Private Bank,INDEX,,,22731.1,22953.45,22692.6,22788.3,,103956191.0,
2023-10-18,Nifty Private Bank,INDEX,,,23110.4,23114.95,22831.45,22845.75,,120092607.0,
2023-10-17,Nifty Private Bank,INDEX,,,23227.4,23227.9,23070.2,23116.45,,77395368.0,
2023-10-16,Nifty Private Bank,INDEX,,,23045.65,23111.4,22955.95,23036.35,,88281279.0,
2023-10-13,Nifty Private Bank,INDEX,,,23064.25,23221.6,23002.45,23071.85,,97502819.0,
2023-10-12,Nifty Private Bank,INDEX,,,23151.7,23219.05,23127.2,23179.45,,68095870.0,
2023-10-11,Nifty Private Bank,INDEX,,,23126.75,23210.1,23057.15,23122.95,,126084764.0,
2023-10-10,Nifty Private Bank,INDEX,,,22819.35,23069.35,22801.6,23006.1,,135796545.0,
2023-10-09,Nifty Private Bank,INDEX,,,22809.65,22847.35,22674.05,22743.2,,79389843.0,
2023-10-06,Nifty Private Bank,INDEX,,,22948.1,23013.35,22870.7,22971.75,,82284831.0,
2023-10-05,Nifty Private Bank,INDEX,,,22889.35,22964.05,22835.5,22854.25,,97424746.0,
2023-10-04,Nifty Private Bank,INDEX,,,22839.6,22868.1,22701.7,22766.6,,168005183.0,
2023-10-03,Nifty Private Bank,INDEX,,,23100.25,23103.05,22952.75,22993.9,,107128054.0,
2023-09-29,Nifty Private Bank,INDEX,,,23020.1,23196.55,22948.1,23101.9,,103097632.0,
2023-09-28,Nifty Private Bank,INDEX,,,23201.25,23223.1,22906.15,22935.05,,201626130.0,
2023-09-27,Nifty Private Bank,INDEX,,,23007.4,23157.05,22876.5,23133.5,,125999353.0,
2023-09-26,Nifty Private Bank,INDEX,,,23134.2,23157.45,23023.1,23080.7,,95515711.0,
